小林先生
-0.001563 0.125000 0.125000 0.000000 0.000000 0.000000 0.000000 0.125000 0.125000 0.000000 0.000000 0.000000 
-0.050000 -0.006250 0.175000 0.250000 0.000000 0.000000 -0.050000 0.000000 0.200000 0.250000 0.000000 0.000000 
-0.075000 -0.175000 -0.025000 0.400000 0.500000 0.000000 -0.050000 -0.175000 0.000000 0.400000 0.500000 0.000000 
0.000000 -0.150000 -0.350000 -0.100000 0.800000 1.000000 0.000000 -0.100000 -0.350000 0.000000 0.800000 1.000000 
0.000000 0.000000 -0.200000 -0.700000 -0.400000 -0.600000 0.000000 0.000000 -0.200000 -0.700000 0.000000 -0.600000 
0.000000 0.000000 0.000000 -0.600000 -0.600000 -1.600000 0.000000 0.000000 0.000000 -0.400000 -0.600000 0.000000 
0.000000 0.125000 0.125000 0.000000 0.000000 0.000000 -0.001563 -0.125000 -0.125000 0.000000 0.000000 0.000000 
-0.050000 0.000000 0.200000 0.250000 0.000000 0.000000 0.062500 -0.006250 -0.325000 -0.250000 0.000000 0.000000 
-0.050000 -0.175000 0.000000 0.400000 0.500000 0.000000 -0.050000 -0.175000 -0.025000 -0.600000 -0.500000 0.000000 
0.000000 -0.100000 -0.350000 0.000000 0.800000 1.000000 0.000000 -0.100000 -0.350000 -0.100000 -1.200000 -1.000000 
0.000000 0.000000 -0.200000 -0.700000 0.000000 -0.600000 0.000000 0.000000 -0.200000 -0.700000 -0.400000 -0.400000 
0.000000 0.000000 0.000000 -0.600000 -0.600000 0.000000 0.000000 0.000000 0.000000 -0.600000 -0.600000 -1.600000 

加藤
-0.0015625      0.125      0.125          0          0          0          0      0.125      0.125          0          0          0
     -0.05   -0.00625        0.2       0.25          0          0      -0.05          0        0.2       0.25          0          0
    -0.075     -0.175     -0.025        0.4        0.5          0     -0.075     -0.175          0        0.4        0.5          0
         0      -0.15      -0.35       -0.1        0.8          1          0      -0.15      -0.35          0        0.8          1
         0          0       -0.3       -0.7       -0.4       -0.4          0          0       -0.3       -0.7          0       -0.4
         0          0          0       -0.6       -0.6       -1.6          0          0          0       -0.6       -0.6          0
         0      0.125      0.125          0          0          0 -0.0015625     -0.125     -0.125          0          0          0
     -0.05          0        0.2       0.25          0          0       0.05   -0.00625       -0.2      -0.25          0          0
    -0.075     -0.175          0        0.4        0.5          0      0.075      0.175     -0.025       -0.4       -0.5          0
         0      -0.15      -0.35          0        0.8          1          0       0.15       0.35       -0.1       -0.8         -1
         0          0       -0.3       -0.7          0       -0.4          0          0        0.3        0.7       -0.4        0.4
         0          0          0       -0.6       -0.6          0          0          0          0        0.6        0.6       -1.6