4.161586309573444553e-01 8.999999565705300242e+00
4.161586461670787052e-01 8.096882525640449302e+00
4.161586617434558377e-01 8.154882012382088874e+00
4.161586776953141165e-01 8.301021605013536586e+00
4.161586940317047456e-01 8.397928069752628844e+00
4.161587107618971992e-01 7.999926797839100878e+00
4.161587278953843838e-01 7.885977077655240919e+00
4.161587454418880783e-01 7.795767685578918638e+00
4.161587634113643186e-01 7.638133736615088765e+00
4.161587818140092820e-01 7.698840109147659483e+00
4.161588006602647827e-01 7.619693854575490199e+00
4.161588199608244332e-01 7.300777475567987729e+00
4.161588397266395845e-01 7.619630576806431854e+00
4.161588599689256540e-01 7.346591718613888489e+00
4.161588806991682876e-01 7.356268708081963759e+00
4.161589019291300762e-01 7.267305130654511558e+00
4.161589236708571615e-01 7.259369885189300931e+00
4.161589459366860644e-01 7.300725444129910535e+00
4.161589687392507342e-01 7.173623822673198092e+00
4.161589920914894880e-01 7.130411060817685609e+00
4.161590160066527821e-01 7.300813041789736779e+00
4.161590404983103175e-01 7.200404262323185201e+00
4.161590655803589778e-01 7.243852695445399448e+00
4.161590912670306008e-01 7.050124780501072053e+00
4.161591175729000280e-01 7.045366875523868089e+00
4.161591445128936528e-01 6.990910754520808901e+00
4.161591721022975254e-01 7.050190179526981460e+00
4.161592003567661235e-01 7.040533772869316032e+00
4.161592292923314007e-01 6.999558023861281342e+00
4.161592589254117791e-01 7.003866279381825599e+00
