0.416161 1.65665e+06
0.416161 9.999e+06
0.416161 1.23922e+06
0.416162 1.65489e+06
0.416162 1.09832e+06
0.416162 468729
0.416163 162990
0.416163 171856
0.416164 145586
0.416164 116185
0.416165 98585.8
0.416166 74542.4
0.416167 57228.8
0.416168 47483.1
0.41617 33245.2
0.416172 25683.8
0.416174 22307.4
0.416176 18980.6
0.416179 18702.3
0.416182 15210.8
0.416186 12537.6
0.416191 11809.9
0.416196 10531.4
0.416203 10094.1
0.41621 8266.02
0.416219 7389.29
0.41623 6618.03
0.416242 6220.48
0.416257 5698.35
0.416274 5882.43
0.416295 5035.95
0.416318 4516.11
