0.416101 9.99881e+07
0.416101 9.9999e+07
0.416101 4.99921e+07
0.416102 9.9999e+07
0.416102 9.99813e+07
0.416102 9.99909e+07
0.416103 9.99887e+07
0.416103 9.9976e+07
0.416104 9.99657e+07
0.416104 4.99929e+07
0.416105 2.49921e+07
0.416106 9.99878e+07
0.416107 9.9998e+07
0.416108 9.9999e+07
0.41611 9.9999e+07
0.416112 9.9999e+07
0.416114 9.99771e+07
0.416116 9.9995e+07
0.416119 9.9992e+07
0.416122 9.9999e+07
0.416126 9.9999e+07
0.416131 2.49808e+07
0.416136 9.99937e+07
0.416143 9.99942e+07
0.41615 9.99668e+07
0.416159 4.75321e+06
0.41617 34240.4
0.416182 15111.2
0.416197 10802.6
0.416214 8434.55
0.416235 6802.96
0.416258 5849.36
