0.416 9.99232e+06
0.416032 9.99754e+06
0.416065 9.98708e+06
0.416097 9.999e+06
0.416129 9.999e+06
0.416161 4.99596e+06
0.416194 12146.9
0.416226 7635.48
0.416258 5934.22
0.41629 5366.12
0.416323 4048.33
0.416355 3481.87
0.416387 3134.85
0.416419 2871.24
0.416452 2610.29
0.416484 2522.25
0.416516 2290.94
0.416548 2174.79
0.416581 2187.64
0.416613 2037.99
0.416645 2045.63
0.416677 1960.35
0.41671 1963.84
0.416742 1771.61
0.416774 1888.96
0.416806 1869.11
0.416839 1853.98
0.416871 1750.7
0.416903 1741.93
0.416935 1708.29
0.416968 1642.67
0.417 1723.15
