0.41615863095734446 999999000
0.41615864616707871 124992088.75
0.41615866174345584 142850581.42857143
0.41615867769531412 199996136
0.41615869403170475 249993127.5
0.4161587107618972 99983146
0.41615872789538438 76908984.615384609
0.41615874544188808 62483836.25
0.41615876341136432 43464404.782608695
0.41615878181400928 49985047.5
0.41615880066026478 41657562.5
0.41615881996082443 19988374.399999999
0.41615883972663958 41651493.333333336
0.41615885996892565 22212207.333333332
0.41615888069916829 22712697.045454547
0.41615890192913008 18505683.518518519
0.41615892367085716 18170625.818181816
0.41615894593668606 19985979.800000001
0.41615896873925073 14915019.402985075
0.41615899209148949 13502402.837837838
0.41615901600665278 19990011.399999999
0.41615904049831032 15863691.746031746
0.41615906558035898 17532857.192982458
0.4161590912670306 11223408.764044944
0.41615911757290003 11101122
0.41615914451289365 9792887.2549019605
0.41615917210229753 11225098.988764046
0.41615920035676612 10978266.593406593
0.4161592292923314 9989828.3000000007
0.41615925892541178 10089421.818181818
