0.416101 993880
0.416101 999000
0.416101 976470
0.416102 979100
0.416102 995730
0.416102 976610
0.416103 999000
0.416103 478875
0.416104 996855
0.416104 985905
0.416105 1.99573e+06
0.416106 987210
0.416107 983515
0.416108 658753
0.41611 660743
0.416112 1.95643e+06
0.416114 982905
0.416116 990620
0.416119 2.99573e+06
0.416122 993155
0.416126 989600
0.416131 1.99767e+06
0.416136 994685
0.416143 1.46056e+06
0.41615 995720
0.416159 1.49812e+06
0.41617 207746
0.416182 43622.9
0.416197 34307
0.416214 25122.7
0.416235 25953.8
0.416258 26607.9
