0.41616 5.53849e+06
0.41616 5.87403e+06
0.41616 5.54365e+06
0.41616 7.68191e+06
0.41616 5.25039e+06
0.41616 7.13337e+06
0.41616 3.01774e+06
0.41616 4.99141e+06
0.41616 5.17511e+06
0.41616 4.05825e+06
0.41616 3.29865e+06
0.41616 4.55337e+06
0.41616 3.31408e+06
0.41616 3.96626e+06
0.416161 2.78304e+06
0.416161 2.6565e+06
0.416161 2.98588e+06
0.416162 1.61579e+06
0.416162 573701
0.416163 232421
0.416164 156581
0.416165 117847
0.416167 74995.9
0.416169 39886.1
0.416172 27971.2
0.416177 20166
0.416183 15628.9
0.41619 12097.7
0.416201 10196.9
0.416215 8140.51
0.416234 6924.36
0.41626 5770.38
