0.4155 999000
0.415548 982196
0.415597 999000
0.415645 999000
0.415694 489962
0.415742 999000
0.41579 983119
0.415839 999000
0.415887 999000
0.415935 999000
0.415984 999000
0.416032 997535
0.416081 999000
0.416129 999000
0.416177 18964.8
0.416226 7318.09
0.416274 6290.57
0.416323 3617.82
0.416371 3392.92
0.416419 2606.84
0.416468 2889.98
0.416516 2041.29
0.416565 2153.35
0.416613 2174.54
0.416661 2189.17
0.41671 1949.9
0.416758 1799.06
0.416806 1890.08
0.416855 1676.5
0.416903 1688.26
0.416952 1538.83
0.417 1621.8
